function T = interpolate_Th(f_input, h_input)
    % Girdi değerleri
    f_values = [0 0.0169 0.0338 0.0507 0.0676]; % x değerlerini belirt
    T_values = 170:10:2220; % y değerlerini belirt

    % Çıktı değerleri
    h_values = [169.8 170.82 171.81 172.76 173.69;179.85 180.95 182.01 183.04 184.03;189.9 191.08 192.22 193.33 194.4;199.93 201.21 202.44 203.63 204.79;209.96 211.34 212.66 213.95 215.19;219.99 221.47 222.89 224.28 225.62;230.01 231.6 233.13 234.62 236.06;240.02 241.75 243.38 245 246.53;250.04 251.87 253.64 255.36 257.02;260 262.01 263.91 265.75 267.53;270 272.17 274.19 276.16 278.06;280 282.32 284.49 286.68 288.61;290.1 292.49 294.79 297 299.19;300.13 302.66 305.11 307.49 309.79;310.15 312.85 315.45 317.97 320.41;320.19 323.04 325.8 328.47 331.05;330.23 333.25 336.16 339 341.72;340.28 343.47 346.55 349.53 352.42;350.34 353.7 356.95 360 363.13;360.41 363.94 367.36 370.67 373.88;370.49 374.2 377.8 381.27 384.64;380.58 384.48 388.25 391.9 395.44;390.68 394.77 398.72 402.55 406.26;400.8 405.08 409.22 413.22 417.1;410.93 415.4 419.73 423.92 428;421.07 425.74 430.26 434.64 438.88;431.23 436.1 440.82 445.38 449.8;441.41 446.49 451.4 456.15 460.76;451.6 456.89 462 466.95 471.74;461.81 467.31 472.62 477.77 482.75;472.04 477.75 483.27 488.62 493.79;482.28 488.21 493.94 499.49 504.86;492.55 498.69 504.63 510.39 515.96;502.83 509.2 515.35 521.31 527.09;513.13 519.72 526.1 532.27 538.24;523.46 530.27 536.87 543.25 549.43;533.8 540.85 547.66 554.26 560.65;544.17 551.44 558.48 565.3 571.89;554.55 562.06 569.33 576.36 583.17;564.96 572.71 580.2 587.46 594.48;575.39 583.38 591.1 598.58 605.82;585.84 594.07 602.03 609.73 617.19;596.32 604.79 613 620.91 628.59;606.81 615.53 623.96 632.12 640;617.33 626.3 634.97 643.36 651.49;627.88 637.09 646 654.63 663;638.44 647.91 657.07 665.93 674.51;649.03 658.75 668.16 677.25 686.07;659.65 669.62 679.27 688.61 697.65;670.29 680.52 690.42 700 709.28;680.95 691.44 701.59 711.42 720.93;691.63 702.39 712.79 722.86 732.61;702.34 713.36 724 734.34 744.33;713.07 724.36 735.28 745.84 756.08;723.83 735.38 746.56 757.38 767.85;734.61 746.43 757.87 768.94 779.67;745.41 757.51 769.21 780.54 791.51;756.24 768.61 780.58 792.16 803.38;767.09 779.74 791.98 803.82 815.29;777.97 790.9 803.4 815.5 827.22;788.87 802.08 814.85 827.22 839.19;799.79 813.28 826.33 838.96 851.19;810.74 824.51 837.83 850.73 863.21;821.71 835.77 849.37 862.53 875.27;832.7 847.05 860.93 874.36 887.36;843.72 858.35 872.51 886.22 899.48;854.76 869.69 884.13 898.1 911.64;865.82 881.04 895.77 910.02 923.82;876.9 892.42 907.43 921.96 936;888.01 903.83 919.12 933.93 948.27;899.14 915.26 930.84 945.93 960.54;910.29 926.71 942.59 957.96 972.84;921.47 938.19 954.36 970.01 985.17;932.66 949.69 966.15 982.09 997.52;943.88 961.21 977.97 994.2 1009.91;955.12 972.76 989.82 1006.33 1022.32;966.38 984.33 1001.69 1018.49 1034.77;977.66 995.92 1013.58 1030.68 1047.24;988.96 1007.54 1025.5 1042.89 1059.73;1000.28 1019.17 1037.45 1055.13 1072.26;1011.62 1030.83 1049.41 1067.4 1084.81;1023 1042.51 1061.41 1079.69 1097.39;1034.37 1054.22 1073.42 1092 1110;1045.77 1065.94 1085.46 1104.34 1122.63;1057.19 1077.69 1097.52 1116.71 1135.29;1068.63 1089.45 1109.6 1129.09 1147.97;1080.09 1101.24 1121.7 1141.51 1160.68;1091.56 1113.05 1133.83 1153.94 1173.42;1103.06 1124.87 1146 1166.4 1186.18;1114.57 1136.72 1158.15 1178.89 1198.97;1126.1 1148.59 1170.34 1191.39 1211.78;1137.65 1160.47 1182.55 1203.92 12224.61;1149.22 1172.38 1194.78 1216.47 1237.47;1160.8 1184.3 1207.04 1229.04 1250.35;1172.4 1196.24 1219.31 1241.64 1263.26;1184.01 1208.21 1231.61 1254.25 1276.18;1195.65 1220.18 1243.92 1266.89 1289.13;1207.29 1232.18 1256.25 1279.55 1302.11;1218.96 1244.19 1268.6 1292.23 1315.1;1230.64 1256.22 1280.97 1304.93 1328.12;1242.33 1268.27 1293.36 1317.65 1341.16;1254.05 1280.34 1305.77 1330.39 1354.22;1265.77 1292.42 1318.2 1343.15 1367.3;1277.51 1304.52 1330.64 1355.92 1380.41;1289.27 1316.63 1343.1 1368.72 1393.53;1301.03 1328.76 1355.58 1381.54 1406.68;1312.82 1340.91 1368.08 1394.38 1419.84;1324.61 1353.07 1380.59 1407.23 1433;1336.43 1365.24 1393.12 1420.1 1446.23;1348.25 1377.44 1405.67 1433 1459.45;1360.09 1389.64 1418.23 1445.9 1472.69;1371.94 1401.86 1430.81 1458.83 1486;1383.8 1414.1 1443.41 1471.77 1499.24;1395.68 1426.35 1456.02 1484.73 1512.54;1407.57 1438.61 1468.64 1497.71 1525.85;1419.47 1450.89 1481.29 1510.7 1539.19;1431.38 1463.18 1493.94 1523.71 1552.54;1443.31 1475.49 1506.61 1536.74 1565.91;1455.25 1487.81 1519.3 1549.78 1579.3;1467.2 1500.14 1532 1562.84 1592.7;1479.16 1512.48 1544.72 1575.92 1606.13;1491.13 1524.84 1557.45 1589 1619.57;1503.11 1537.21 1570.19 1602.11 1633.02;1515.11 1549.59 1583 1615.23 1646.49;1527.11 1562 1595.72 1628.37 1660;1539.13 1574.39 1608.51 1641.52 1673.49;1551.16 1586.81 1621.3 1654.68 1687;1563.2 1599.25 1634.12 1667.86 1700.54;1575.25 1611.69 1646.94 1681.06 1714.09;1587.31 1624.14 1659.78 1694.27 1727.66;1599.38 1636.61 1672.63 1707.49 1741.24;1611.46 1649.09 1685.49 1720.72 1754.84;1623.55 1661.58 1698.37 1733.97 1768.45;1635.65 1674.08 1711.26 1747.24 1782.08;1647.76 1686.59 1724.16 1760.51 1795.72;1659.88 1699.11 1737.07 1773.8 1809.38;1672.01 1711.65 1750 1787.11 1823.05;1684.15 1724.19 1762.93 1800.42 1836.73;1696.29 1736.75 1775.88 1813.75 1850.43;1708.45 1749.31 1788.84 1827.1 1864.14;1720.62 1761.89 1801.81 1840.45 1877.86;1732.8 1774.48 1814.8 1853.82 1891.6;1745 1787.08 1827.79 1867.2 1905.36;1757.18 1799.68 1840.8 1880.6 1919.12;1769.38 1812.3 1853.81 1894 1932.9;1781.59 1824.93 1866.84 1907.41 1946.69;1793.82 1837.56 1879.88 1920.84 1960.5;1806.05 1850.21 1892.93 1934.28 1974.31;1818.29 1862.87 1906 1947.73 1988.15;1830.54 1875.54 1919.06 1961.19 2002;1842.79 1888.21 1932.15 1974.67 2015.84;1855.06 1900.9 1945.24 1988.15 2029.71;1867.33 1913.59 1958.34 2001.65 2043.59;1879.61 1926.3 1971.45 2015.16 2057.48;1891.9 1939.01 1984.58 2028.68 2071.38;1904.2 1951.73 1997.71 2042.21 2085.3;1916.51 1964.46 2010.85 2055.75 2099.23;1928.8 1977.2 2024.01 2069.3 2113.16;1941.14 1989.95 2037.17 2082.86 2127.11;1953.47 2002.71 2050.34 2096.44 2141.07;1965.81 2015.48 2063.52 2110.02 2155.05;1978.16 2028.25 2076.71 2123.61 2169;1990.51 2041.04 2089.91 2137.22 2183;2002.87 2053.83 2013.12 2150.83 2197;2015.24 2066.63 2116.34 2164.45 2211;2027.61 2079.44 2129.57 2178.08 2225;2040 2092.25 2142.8 2191.73 2239.1;2052.39 2105.08 2156.05 2205.38 2253.15;2064.78 2117.91 2169.3 2219.04 2267.2;2077.19 2130.75 2182.56 2232.71 2281.27;2089.6 2143.6 2195.83 2246.39 2295.34;2102.22 2156.45 2209.11 2260.08 2309.43;2114.44 2169.32 2222.4 2273.77 2323.52;2126.87 2182.19 2235.69 2287.48 2337.63;2139.3 2195.06 2249 2301.19 2351.74;2151.75 2208 2262.31 2314.92 2365.86;2164.2 2220.84 2275.62 2328.65 2380;2176.66 2233.74 2288.95 2342.39 2394.13;2189.12 2246.64 2302.28 2356.13 2408.28;2201.59 2259.55 2315.62 2369.89 2422.43;2214.06 2272.47 2329 2383.65 2436.6;2226.54 2285.4 2342.3 2397.42 2450.77;2239.03 2298.33 2355.68 2411.2 2464.85;2251.02 2311.26 2369 2424.98 2479.14;2264.02 2324.21 2382.43 2438.77 2493.34;2276.52 2337.16 2395.81 2452.57 2507.54;2289.03 2350.11 2409.2 2466.38 2521.75;2301.55 2363.07 2422.59 2480.19 2535.97;2314.07 2376.04 2436 2494.01 2550.2;2326.59 2389.01 2449.4 2507.84 2564.43;2339.12 2402 2462.81 2521.67 2578.67;2351.65 2415 2476.23 2535.52 2592.92;2364.19 2427.97 2489.66 2549.36 2607.18;2376.74 2440.96 2503.09 2563.22 2621.44;2389.29 2453.97 2516.53 2577.07 2635.71;2401.85 2466.97 2530 2590.94 2650;2414.41 2479.98 2543.42 2604.81 2664.26;2427 2493 2556.88 2618.69 2678.55;2439.54 2506.03 2570.34 2632.58 2692.85;2452.12 2519.06 2583.8 2646.47 2707.15;2464.7 2532.09 2597.28 2660.37 2721.46;2477.29 2545.13 2610.76 2674.27 2735.77;2489.88 2558.18 2624.24 2688.18 2750.1;2502.48 2571.23 2637.73 2702.1 2764.43;2515.08 2584.29 2651.23 2716 2778.76;2527.69 2597.35 2664.74 2730 2793.11];
